12 13
1   1 30  4  800  6  7  8  99 10 1223 1
20 30 30 4 16 15 14 13 12 11 1
21 22 99 444444 88 9926 27 9928 9929 3000 456 1
40 39 1 90 36 35 34 33 3992 30001 789  1
41 42 4000 44  88 46 47 48 49 50 897  1
1 59 1 57 56  85 54 53 52 51 908 1
61 77 56 64 444 66 67 68 69 70 1234 1
80 79 78 77 76 75 74 73 72 71 12345 1
81 82 2  2 4 86 5 88 8 90 3456  1
100 99 98 97 96 95 94 93 92 91 567 1
890 654 623 154 683 15414 86549 633 123 456 123456  1
9517 45632 643164 3478643 43 16 431 64453132 689431 746546 15643 1
64543 13146543 13474 314789 4352154 65431 631 654324 65132 89547  34567312 1 1